[
[[2817,1033],[2903,900],[3035,815],[3170,890],[3240,1035],[3167,1153],[3043,1238],[2897,1157]],
[[982,1134],[826,1446],[980,1723],[1176,1728],[1326,1720],[1494,1438],[1314,1142]],
[[6073,1500],[7500,1500],[7497,1787],[6080,1817]],
[[7803,1500],[7807,1787],[8490,1963],[8633,1740],[8753,1497]],
[[4280,1512],[4347,1427],[4420,1408],[4500,1410],[4642,1526],[4648,2306],[4554,2844],[4370,3280],[4223,3080]],
[[5564,1570],[5310,2060],[5273,1570]],
[[5030,1570],[5030,3027],[5440,3030],[5450,1567]],
[[7467,1737],[6667,2163],[6900,1617]],
[[4273,1790],[4200,2633],[4560,2217]],
[[5866,1858],[5863,2073],[6073,2177],[6390,2303],[6773,2300],[6833,2250],[6913,2153],[6076,1498]],
[[5117,2137],[5867,2557],[5463,3233],[5130,3233]],
[[6840,2220],[7407,1660],[6153,1697]],
[[8277,2313],[8700,2493],[9133,2707],[8587,3230],[8100,2960]],
[[8737,2590],[9563,2590],[9690,2677],[9537,2733],[9317,2813],[8793,2953]],
[[7443,2890],[8227,2900],[7610,2640]],
[[2563,2973],[2653,2850],[2783,2767],[2920,2840],[2983,2970],[2910,3097],[2780,3180],[2650,3107]],
[[6127,2983],[6587,2917],[6753,3000],[6750,3287],[6597,3410],[5933,3690],[5727,3633]],
[[8247,2997],[7913,3000],[7623,2697],[8337,2707]],
[[7370,3002],[7227,3000],[7220,2390],[7447,2157],[7630,2157],[7750,2293],[7840,2707]],
[[4093,3050],[4273,2050],[4420,2740]],
[[3967,3213],[4277,2477],[4387,3053]],
[[9437,3220],[9090,3370],[8760,3720],[8943,3983],[9363,3603]],
[[630,3350],[703,3217],[830,3140],[967,3213],[1040,3347],[960,3480],[837,3560],[703,3487]],
[[7433,3423],[7543,3307],[7743,3310],[7917,3420],[7640,3653],[7433,3550]],
[[7643,3450],[7640,4247],[8183,4233],[8203,4100],[8170,3730],[7917,3420],[7740,3310]],
[[4827,3540],[5207,3543],[5383,4103],[4530,4027]],
[[4067,3687],[3883,3560],[3833,3453],[4297,2570],[4372,3274],[4164,3646]],
[[7020,3747],[7087,4427],[6700,4290],[6703,3850],[6780,3747]],
[[9077,3750],[8823,4223],[8753,3863]],
[[8710,3880],[8767,3713],[8870,3603],[8923,4770]],
[[4450,4064],[4770,4430],[4896,4558],[5222,4742],[5398,4702],[5487,4287],[5326,3908],[4607,3907],[4444,3950]],
[[7107,4007],[7577,4147],[7257,4247]],
[[7643,4043],[8183,4237],[8097,4523],[6927,4210]],
[[6233,4280],[6077,4277],[5897,4150],[5750,3840],[5700,3643],[5773,3553],[6237,3293]],
[[2160,4400],[2590,4297],[2883,4610],[2367,4753]],
[[3313,4420],[3367,4253],[3313,4157],[3297,4140],[3183,4123],[2327,4370],[2883,4603]],
[[7100,4437],[6703,4290],[6947,3880],[7413,4157],[8090,4520],[7540,4530]],
[[8873,4457],[8270,4960],[8263,5037],[8287,5113],[8340,5183],[8410,5230],[9000,5100],[9223,5007],[9243,4787]],
[[1217,4560],[1287,4497],[2163,4400],[2883,4603],[2360,4750],[1880,4807],[1290,4840],[1210,4730]],
[[6083,4617],[6057,4673],[5973,5627],[6283,5960],[6390,5400],[6390,5077],[6280,4597]],
[[5743,4633],[5243,4723],[5413,4190]],
[[9507,4667],[9607,4803],[9227,5003],[9073,4873]],
[[8707,4793],[8640,4093],[8710,3880],[8900,4303],[9020,4593]],
[[6783,5017],[7303,5013],[7310,5320],[6777,5737]],
[[5390,5023],[6283,5960],[5650,5017]],
[[5580,5113],[6270,5063],[6010,5607]],
[[2500,5207],[3087,5693],[3727,5453]],
[[2503,5210],[3670,4940],[4180,5500],[3377,5543]],
[[1357,5373],[1367,7297],[1523,7290],[2040,6910],[2030,6440],[1973,6077],[1643,5333]],
[[1357,5373],[1940,5290],[2197,5480],[2180,5693],[1360,6087]],
[[6160,5403],[7200,5407],[6490,5960],[6283,5960]],
[[2800,5560],[2620,5900],[2598,6328],[2827,5973]],
[[4490,5580],[4180,5600],[2970,5090],[3720,4820]],
[[3165,5610],[2793,6013],[2687,5250]],
[[3150,5660],[2930,5767],[2560,5213]],
[[4020,5690],[4170,5600],[3100,5090]],
[[2767,5760],[2397,6100],[2373,6210],[2417,6527]],
[[3530,5940],[3893,6853],[4080,6727],[4160,6527],[4023,6127],[3763,5897]],
[[4487,5970],[4540,6830],[4683,7313],[5030,7253],[5263,7113]],
[[4387,5987],[4520,5927],[4787,5910],[5437,6487],[5473,6663],[5420,6880],[5263,7117],[4460,6190]],
[[4443,6003],[4570,6740],[4940,6323]],
[[3673,6113],[3630,6393],[3840,6317]],
[[1937,6337],[2047,5547],[1527,5780]],
[[2400,6420],[2467,6867],[2553,6870],[2627,6813],[2630,5963]],
[[3103,6437],[3047,6657],[3263,6833],[3453,6887],[3823,6913],[3987,6790]],
[[3273,6583],[3660,6490],[3470,6647]],
[[3327,6713],[3823,6120],[3903,6793]],
[[4367,7040],[4533,7253],[4680,7310],[4713,6677]],
[[5790,7047],[5897,7013],[6057,7013],[6183,7083],[6203,7310],[6087,7450],[5693,7210]],
[[5810,7053],[4923,8290],[5043,8307],[5917,7783],[6143,7337]],
[[3507,7330],[4033,7770],[4113,7640],[4187,7413]],
[[3720,7333],[3753,8247],[4103,7650]],
[[2063,7397],[2267,7407],[2360,7553],[2303,7767],[2007,7930],[1793,7983],[1910,7517]],
[[4187,7417],[3970,7243],[3333,7190],[2787,7197],[2733,7347],[2827,7463]],
[[5093,7747],[4577,8140],[4810,8267],[5030,8310],[5623,7363]],
[[7027,7780],[6930,7810],[6500,8397],[7073,8120],[7137,8007],[7137,7927],[7107,7867]],
[[4660,7793],[5643,7530],[5087,7927]],
[[4593,7797],[5483,7600],[4940,7983]],
[[1423,7803],[2020,7447],[1800,7990]],
[[3900,7810],[3913,8283],[3503,8037]],
[[1317,7827],[1763,7637],[1797,7987],[1637,8107],[1293,8153]],
[[1317,7830],[1640,8107],[1310,8833],[1260,8527]],
[[4577,8143],[4473,8040],[4440,7977],[4413,7860],[4470,7777],[5807,7747]],
[[1520,8163],[1627,8663],[1303,8377]],
[[2927,8273],[2903,8370],[2177,9060],[2070,8560],[2143,8310],[2667,8110]],
[[4103,8357],[3700,7870],[3353,8633]],
[[4140,8367],[4400,8573],[4010,8610]],
[[6417,8453],[6880,7890],[7073,8083],[6617,8480]],
[[3400,8530],[3403,7927],[3487,7867],[3843,7773]],
[[6540,8567],[6283,8767],[6060,8837],[5967,8853],[5903,8833],[5900,8783],[6827,8140],[6783,8333]],
[[4463,8580],[4063,8390],[3723,8903]],
[[3230,8640],[3267,8737],[3567,9117],[4217,8433],[3937,8177]],
[[3710,8677],[3987,8787],[3597,9057]],
[[3307,8697],[3450,9110],[3640,8823]],
[[2123,8797],[2240,9377],[2370,8923]],
[[1310,8837],[1357,9093],[1613,9193],[1843,9230],[1830,9163],[1800,9067],[1673,8663],[1457,8207]],
[[3570,9117],[3467,9227],[3360,8773]],
[[1843,9233],[1780,9277],[1420,9090],[1587,8897]],
[[5503,9233],[5060,9353],[4684,9566],[4896,9874],[5336,9834],[5670,9516],[5714,9444],[5710,9378],[5673,9310],[5610,9257],[5557,9233]],
[[4407,9633],[4513,9770],[5533,9237],[5017,9343]],
[[2163,9663],[2173,9397],[2237,8680],[2390,9113]],
[[2150,9687],[2247,9630],[2413,9163],[2407,8357]],
[[6863,6423],[6853,6323],[6910,6180],[7127,5990],[7317,5870],[7190,6273],[7120,6397],[7003,6457]],
[[7308,5875],[7568,5723],[7713,5653],[7823,5615],[7930,5585],[8025,5568],[8110,5598],[8070,5668],[7770,5823],[7180,6025]],
[[7770,5818],[7408,6065],[7195,5955]],
[[7105,6353],[7578,5910],[7225,5950]],
[[7886,6968],[7900,7036],[8206,7206],[8354,7196],[8500,7010],[8426,6450],[7984,6704],[7934,6814]],
[[8294,7158],[8602,6938],[8758,6818],[9376,6252],[9170,6162],[8980,6136],[8916,6166],[8420,6452]],
[[9498,6643],[8548,6795],[9377,6255],[9527,6413],[9540,6457],[9538,6548]],
[[8582,6867],[9382,6648],[8832,6403]],
[[9563,7412],[9488,7190],[9333,7130],[8993,7192],[8757,7328],[8585,7568],[8505,7782],[8548,7922],[8682,8095],[8850,8247],[9435,7813]],
[[9680,8433],[9498,8512],[9170,8540],[9472,8205]],
[[9425,7750],[9493,8335],[8978,7962]],
[[8817,8213],[9172,8542],[9575,8318],[9312,7830]],
[[6715,9117],[6732,9363],[6813,9432],[7237,9430],[7242,8703],[6983,8892],[6908,8950]],
[[7457,8537],[7542,8493],[7788,8625],[7993,8820],[7632,9040],[6865,9042]],
[[7468,8537],[7222,8715],[7282,8835]],
[[8368,9433],[8585,9355],[8293,9090]],
[[8435,9333],[7637,9335],[7633,8893],[7918,8753],[8423,9208]],
[[7637,9368],[7738,9848],[7922,9848],[7925,9065],[7633,8942]],
[[1378,9553],[1625,9685],[1818,9823],[1830,9965],[1383,10188]],
[[4894,9872],[5072,10134],[5380,10344],[5318,9648]],
[[5034,9954],[5116,10354],[5260,10732],[5382,10344]],
[[5172,10140],[4932,11072],[5258,10730]],
[[5182,10328],[4936,11070],[4588,11060]],
[[4028,9908],[4152,10044],[3392,10744],[3464,10444],[3542,10324],[3732,10152]],
[[3394,10746],[3484,10936],[3594,10992],[3694,11024],[3894,10990],[4292,10654],[3854,10144],[3462,10454]],
[[3894,10992],[4014,10586],[4678,10748],[4134,11118]],
[[4048,11144],[4194,11358],[4930,11072],[4826,10696],[3972,10992]],
[[4666,10818],[5094,10478],[4938,10872]],
[[2834,9070],[2912,9022],[2946,9050],[3042,9238],[3068,9388],[3086,9526],[3046,9626],[2936,9690]],
[[3044,9628],[2656,10470],[2384,11026],[2330,11102],[2102,11366],[1988,11442],[1928,11476],[1846,11494],[2624,9904],[2940,9318]],
[[2768,9732],[1756,10964],[1654,11368],[1844,11494],[1930,11476]],
[[1492,11120],[1654,11366],[2474,10248],[1840,10160],[1384,10188],[1410,10828]],
[[1762,9848],[2022,10294],[1384,10188]],
[[8903,2078],[9290,1613],[9790,1973],[9400,2160],[9095,2160]],
[[9188,1533],[9043,1963],[10113,1978],[10278,1868],[10275,1665],[10070,1533]],
[[9788,3020],[9978,3080],[9995,3190],[10065,3688],[9178,3585],[9158,3383]],
[[10623,2043],[10823,2965],[11050,2800],[11293,2570],[11093,1770],[10798,1663]],
[[10215,2798],[10218,2838],[10353,2995],[10475,3065],[10680,3068],[10970,2858],[10753,2065],[10265,2708]],
[[10803,1975],[10400,2540],[11170,2685],[11335,2585],[11353,2418],[11333,2313],[11200,1973],[11095,1770]],
[[9453,3588],[10488,4010],[10600,3700],[9850,3310]],
[[10328,3420],[10430,3453],[10540,3510],[10598,3700],[10450,4118],[10280,4253],[10105,4133],[9878,3865],[10135,3458]],
[[9610,3598],[9963,3945],[10175,3615]],
[[9873,4400],[9998,4533],[10383,4153],[10233,3993]],
[[12638,4880],[12395,4753],[12210,4623],[12110,3485],[12240,3018],[12288,3045],[12378,3113],[12525,3323],[12620,3650],[12635,3983]],
[[12238,3015],[12038,3040],[11945,3070],[11828,3188],[11688,3350],[11650,3425],[11623,3510],[12285,4630]],
[[11520,3930],[11560,3703],[11650,3425],[12165,4273],[11593,4298]],
[[11430,4295],[11463,4573],[11758,4210],[11563,3763]],
[[11110,5420],[11200,5365],[11175,5240],[10958,4933],[10960,5070],[10995,5273]],
[[10953,4933],[10960,5075],[11185,5345],[11113,4723]],
[[11485,4230],[10958,4930],[11085,5075],[11783,4153]],
[[11873,4758],[11775,4813],[11608,5285],[11618,5833],[11838,5040],[11865,4860]],
[[11835,5535],[11838,4865],[11648,5423]],
[[11873,5420],[11938,5885],[11850,6130],[11353,6328],[11095,6173],[11115,6078],[11610,5610]],
[[11873,5420],[11800,5083],[11570,5800]],
[[12260,5175],[12223,5223],[12210,5293],[12388,5608],[12413,5255],[12373,5220]],
[[12663,5345],[12275,5205],[12230,5278],[12328,5738],[12428,6030]],
[[11658,6888],[11740,7025],[11943,7040],[12105,6910],[12195,6445],[11988,6513],[11700,6673]],
[[12388,5828],[12418,6223],[12758,6058],[12723,5565],[12660,5345],[12528,5298]],
[[11953,7003],[12558,6638],[12518,6208],[12018,6578]],
[[12305,6490],[12455,6003],[12760,6055],[12678,6620],[12463,6700]],
[[10603,5438],[10568,5283],[10413,5378],[10253,5500],[10160,5590],[9903,6098],[9998,6183],[10610,6193],[10618,5913]],
[[10783,5813],[10513,5980],[10523,5365],[10763,5703]],
[[10555,5348],[10740,5685],[10458,5640]],
[[9570,5855],[9678,5793],[10265,5563],[10040,6103]],
[[9645,5880],[9928,6118],[10250,5535]],
[[9958,6108],[10255,6680],[10535,6600],[10618,6523],[10605,6053]],
[[10048,7200],[10450,7233],[10695,7248],[11230,7235],[11283,7093],[11210,7005],[10388,7005]],
[[9903,6805],[9840,7030],[10048,7200],[10545,7130],[10298,6930]],
[[10278,6535],[10305,7073],[10018,6923],[10083,6195]],
[[9903,6808],[10120,6318],[10090,7055]],
[[10488,8505],[10255,8515],[9995,8315],[9863,7920],[10158,7928]],
[[11030,7818],[10903,8075],[10415,7783],[10560,7553],[10750,7610]],
[[9948,7718],[10203,7528],[10325,8073],[10390,8423],[9865,7923]],
[[10848,8010],[10165,7780],[10200,7528],[10560,7553]],
[[10233,8143],[10670,7788],[10100,7668]],
[[11628,7563],[11470,7568],[11393,7633],[11315,8565],[11630,7973]],
[[11648,8230],[11623,8348],[11065,8845],[11025,8728],[11623,7840]],
[[9505,8853],[9945,8833],[10820,9420],[10285,9615],[9873,9330]],
[[10068,9030],[11090,8858],[11513,9230],[11258,9293],[10538,9443]],
[[10285,9618],[11345,9228],[11248,8630],[10183,9110]],
[[11440,8455],[11140,9015],[10808,8888],[11303,8385]],
[[11425,9185],[11238,8880],[11193,9170]],
[[12648,7143],[12488,7150],[11985,7530],[11973,8008],[12080,8520],[12668,8053]],
[[11813,8775],[11825,8963],[12083,9153],[12658,9073],[11975,8675]],
[[12105,8180],[11913,8910],[12660,9070],[12668,8055]],
[[8295,9835],[8668,10510],[9195,10903],[9495,10420],[8705,9815],[8595,9770]],
[[9005,9880],[9300,10130],[9580,10385],[9578,10500],[9170,10560],[8573,9788]],
[[8610,10140],[8723,10903],[9195,10905]],
[[7425,11073],[7265,11190],[7270,11440],[7435,11523],[7893,11458],[8250,10820],[8183,10750]],
[[7783,10168],[7785,11183],[8255,10815],[8235,10593],[8060,10290],[7895,10175]],
[[7000,10698],[7278,10698],[7275,10158],[6923,10003],[6900,10135]],
[[6588,10828],[6588,11023],[6473,11135],[6280,11138],[6100,11025],[6110,10828]],
[[5920,9920],[5830,10203],[5825,10303],[5843,10708],[6100,11023],[6383,10955],[6383,10220],[6248,9915]],
[[7060,10413],[6133,10413],[6248,9918],[6483,9913],[6925,10005]],
[[4710,11633],[4360,11750],[4140,11855],[4205,12018],[4673,11753]],
[[5435,11210],[4888,11743],[5328,11958],[5745,12133],[5913,11488]],
[[5190,11860],[4580,11825],[4963,11600]],
[[4275,11945],[4838,11798],[5120,11515],[4710,11630],[4365,11748]],
[[6268,12155],[6388,12285],[6575,12270],[6710,12150],[6775,12040],[6798,11865],[6483,11550],[6143,11548]],
[[5745,11448],[6105,11443],[6393,11740],[5680,11740]],
[[6645,11443],[6793,11445],[6798,11873],[6338,11638]],
[[3905,12468],[3740,12578],[3743,12783],[3950,12910],[4840,12910],[4978,12478]],
[[5035,12473],[4760,12805],[4413,12608],[4625,12278],[4940,12285]],
[[4073,12488],[4700,12425],[4383,12775]],
[[5310,12945],[5428,12710],[5630,12478],[6215,12653],[6213,12948]],
[[6523,12658],[6523,12948],[7483,12955],[7948,12940],[8163,12580],[8160,12368],[7945,12260],[6643,12620]],
[[7290,12135],[7630,12143],[7950,12260],[6628,12798]],
[[6548,12663],[7145,12408],[6873,12845]],
[[7143,12320],[6655,12665],[7158,12700]],
[[2800,11735],[2573,12033],[2680,12458],[2925,12608],[3208,12663],[3400,12413],[3223,11548]],
[[3813,11650],[3725,11500],[3680,11460],[3550,11383],[3453,11380],[3213,11398],[2795,11833],[3260,12403],[3730,11790]],
[[2845,11750],[3125,11508],[3113,11765]],
[[8510,12795],[8595,12863],[8828,12893],[8940,12778],[8993,12210],[8993,11415],[8883,11413]],
[[8158,11888],[8558,11208],[8890,11208],[8883,12295]],
[[8585,11975],[8555,12733],[8933,12228]],
[[10130,11013],[10020,10873],[9998,10848],[9930,10835],[9858,10848],[9810,10905],[9718,11120],[9923,11443]],
[[9718,11120],[9553,11458],[9425,11863],[9825,11713],[10038,11193]],
[[9888,11553],[9593,12385],[9328,12455],[9370,12150],[9428,11855]],
[[9345,12820],[9370,12985],[9668,12415],[9743,11953],[9330,12455]],
[[9663,12728],[9673,12298],[9343,12818],[9373,12983],[9470,13013],[9530,13025],[9563,13005]],
[[9673,12990],[9470,13018],[9658,12590]],
[[10390,12115],[10330,12225],[10355,12453],[10500,12453],[10673,12278],[10548,12140]],
[[11243,11253],[11373,11328],[11443,11473],[11363,11588],[11238,11675],[11103,11598],[11025,11463],[11110,11333]],
[[10748,13428],[10820,13298],[10955,13215],[11090,13293],[11163,13433],[11080,13558],[10958,13640],[10820,13568]],
[[12613,12745],[12445,13025],[12610,13328],[12950,13318],[13120,13035],[12970,12745]],
[[12998,11173],[13080,11038],[13203,10960],[13340,11038],[13413,11170],[13333,11295],[13205,11383],[13078,11310]],
[[11335,9768],[11825,9650],[12253,9605],[12725,9598],[12778,9655],[12815,9778],[12793,9863],[12745,9968],[11380,9985]],
[[10758,10435],[10608,10233],[10603,10103],[10695,10030],[10958,9900],[11290,10168]],
[[11145,10215],[11888,9960],[11333,9768],[10953,9903]],
[[11560,10045],[12305,9955],[11818,9780]],
[[696,156],[972,300],[1260,326],[2948,306],[3924,262],[3918,34],[894,48]],
[[1016,294],[836,272],[720,246],[566,162],[406,16],[1190,70]],
[[4550,520],[4480,492],[4428,456],[4356,384],[4372,42],[7903,117],[7387,503]],
[[3663,60],[4467,433],[4600,73]],
[[3620,197],[4593,397],[4103,113]],
[[6770,460],[11800,590],[11620,310],[6730,160]],
[[14590,14270],[14300,13380],[14070,13780],[14110,13940],[14195,14080]],
[[13705,9910],[13990,10600],[14070,7680],[13800,7420]],
[[13980,13540],[14105,13885],[14400,13760],[14255,12745],[13920,13010],[13920,13255]],
[[13980,13240],[13650,1940],[13970,2220],[14220,13310]],
[[5,720],[93,768],[103,943],[25,1553]],
[[110,20],[240,123],[495,10]],
[[63,1235],[38,1708],[10,1843],[10,1205]],
[[8,1605],[13,4613],[53,4618],[45,1505]],
[[18,3795],[288,4478],[283,5403],[20,5073]],
[[275,4465],[320,5003],[308,6140],[90,6315]],
[[210,6170],[30,6165],[120,12550],[310,12740]],
[[13020,14100],[13290,14015],[13360,14015],[13460,14105],[13505,14185],[13283,14458]],
[[13698,14330],[13343,14158],[13388,14725],[14105,14625]],
[[14483,14020],[13865,14603],[14445,14578]],
[[13780,14440],[13340,14030],[12310,14278]],
[[12705,14175],[12725,14490],[2010,14270],[1580,13780],[9425,14180]],
[[9570,13945],[9540,13925],[9450,13920],[7955,13930],[9725,14360]],
[[9915,13965],[9770,13945],[9380,13940],[9550,14425],[10310,14425]],
[[80,12610],[90,12070],[2740,14420],[2020,14390]],
[[11140,280],[14030,2590],[14020,2180],[11650,280]],
[[1990,3624],[1954,3848],[2100,3904],[2258,3816],[2164,3680]],
[[3418,2118],[3518,2302],[3766,2182],[3638,2026],[3508,2042]],
[[11905,10903],[11790,10705],[11825,10558],[11963,10530],[12080,10548],[12170,10640]]
]